0.8660254038,0.8660254038,0.8660254038,0.8660254038,0.8660254038,0.8660254038,0.8660254038,0.8660254038,1.0,1.0,1.0,1.0,1.0,1.0,
431,421,371,361,71,61,11,1,360,60,10,2,12,72,
0,2,12,14,72,74,84,86,361,61,11,3,13,73,
421,423,361,363,61,63,1,3,362,62,0,4,14,74,
2,4,14,16,74,76,86,88,363,63,1,5,15,75,
423,425,363,365,63,65,3,5,364,64,2,6,16,76,
4,6,16,18,76,78,88,90,365,65,3,7,17,77,
425,427,365,367,65,67,5,7,366,66,4,8,18,78,
6,8,18,20,78,80,90,92,367,67,5,9,19,79,
427,429,367,369,67,69,7,9,368,68,6,10,20,80,
8,10,20,22,80,82,92,94,369,69,7,11,21,81,
429,431,369,371,69,71,9,11,370,70,8,22,82,0,
10,22,82,94,0,12,72,84,371,71,9,23,83,1,
371,383,361,373,11,23,1,13,372,22,0,14,24,84,
12,14,24,26,84,86,96,98,373,23,1,15,25,85,
361,363,373,375,1,3,13,15,374,2,12,16,26,86,
14,16,26,28,86,88,98,100,375,3,13,17,27,87,
363,365,375,377,3,5,15,17,376,4,14,18,28,88,
16,18,28,30,88,90,100,102,377,5,15,19,29,89,
365,367,377,379,5,7,17,19,378,6,16,20,30,90,
18,20,30,32,90,92,102,104,379,7,17,21,31,91,
367,369,379,381,7,9,19,21,380,8,18,22,32,92,
20,22,32,34,92,94,104,106,381,9,19,23,33,93,
369,371,381,383,9,11,21,23,382,10,20,34,94,12,
22,34,94,106,12,24,84,96,383,11,21,35,95,13,
383,395,373,385,23,35,13,25,384,34,12,26,36,96,
24,26,36,38,96,98,108,110,385,35,13,27,37,97,
373,375,385,387,13,15,25,27,386,14,24,28,38,98,
26,28,38,40,98,100,110,112,387,15,25,29,39,99,
375,377,387,389,15,17,27,29,388,16,26,30,40,100,
28,30,40,42,100,102,112,114,389,17,27,31,41,101,
377,379,389,391,17,19,29,31,390,18,28,32,42,102,
30,32,42,44,102,104,114,116,391,19,29,33,43,103,
379,381,391,393,19,21,31,33,392,20,30,34,44,104,
32,34,44,46,104,106,116,118,393,21,31,35,45,105,
381,383,393,395,21,23,33,35,394,22,32,46,106,24,
34,46,106,118,24,36,96,108,395,23,33,47,107,25,
395,407,385,397,35,47,25,37,396,46,24,38,48,108,
36,38,48,50,108,110,120,122,397,47,25,39,49,109,
385,387,397,399,25,27,37,39,398,26,36,40,50,110,
38,40,50,52,110,112,122,124,399,27,37,41,51,111,
387,389,399,401,27,29,39,41,400,28,38,42,52,112,
40,42,52,54,112,114,124,126,401,29,39,43,53,113,
389,391,401,403,29,31,41,43,402,30,40,44,54,114,
42,44,54,56,114,116,126,128,403,31,41,45,55,115,
391,393,403,405,31,33,43,45,404,32,42,46,56,116,
44,46,56,58,116,118,128,130,405,33,43,47,57,117,
393,395,405,407,33,35,45,47,406,34,44,58,118,36,
46,58,118,130,36,48,108,120,407,35,45,59,119,37,
407,419,397,409,47,59,37,49,408,58,36,50,60,120,
48,50,60,62,120,122,132,134,409,59,37,51,61,121,
397,399,409,411,37,39,49,51,410,38,48,52,62,122,
50,52,62,64,122,124,134,136,411,39,49,53,63,123,
399,401,411,413,39,41,51,53,412,40,50,54,64,124,
52,54,64,66,124,126,136,138,413,41,51,55,65,125,
401,403,413,415,41,43,53,55,414,42,52,56,66,126,
54,56,66,68,126,128,138,140,415,43,53,57,67,127,
403,405,415,417,43,45,55,57,416,44,54,58,68,128,
56,58,68,70,128,130,140,142,417,45,55,59,69,129,
405,407,417,419,45,47,57,59,418,46,56,70,130,48,
58,70,130,142,48,60,120,132,419,47,57,71,131,49,
419,431,409,421,59,71,49,61,420,70,48,62,132,0,
60,62,132,134,0,2,72,74,421,71,49,63,133,1,
409,411,421,423,49,51,61,63,422,50,60,64,134,2,
62,64,134,136,2,4,74,76,423,51,61,65,135,3,
411,413,423,425,51,53,63,65,424,52,62,66,136,4,
64,66,136,138,4,6,76,78,425,53,63,67,137,5,
413,415,425,427,53,55,65,67,426,54,64,68,138,6,
66,68,138,140,6,8,78,80,427,55,65,69,139,7,
415,417,427,429,55,57,67,69,428,56,66,70,140,8,
68,70,140,142,8,10,80,82,429,57,67,71,141,9,
417,419,429,431,57,59,69,71,430,58,68,142,60,10,
70,142,60,132,10,82,0,72,431,59,69,143,61,11,
71,143,61,133,11,83,1,73,132,82,0,74,84,144,
72,74,84,86,144,146,156,158,133,83,1,75,85,145,
61,63,133,135,1,3,73,75,134,2,72,76,86,146,
74,76,86,88,146,148,158,160,135,3,73,77,87,147,
63,65,135,137,3,5,75,77,136,4,74,78,88,148,
76,78,88,90,148,150,160,162,137,5,75,79,89,149,
65,67,137,139,5,7,77,79,138,6,76,80,90,150,
78,80,90,92,150,152,162,164,139,7,77,81,91,151,
67,69,139,141,7,9,79,81,140,8,78,82,92,152,
80,82,92,94,152,154,164,166,141,9,79,83,93,153,
69,71,141,143,9,11,81,83,142,10,80,94,154,72,
82,94,154,166,72,84,144,156,143,11,81,95,155,73,
11,23,83,95,1,13,73,85,94,12,72,86,96,156,
84,86,96,98,156,158,168,170,95,13,73,87,97,157,
1,3,13,15,73,75,85,87,14,74,84,88,98,158,
86,88,98,100,158,160,170,172,15,75,85,89,99,159,
3,5,15,17,75,77,87,89,16,76,86,90,100,160,
88,90,100,102,160,162,172,174,17,77,87,91,101,161,
5,7,17,19,77,79,89,91,18,78,88,92,102,162,
90,92,102,104,162,164,174,176,19,79,89,93,103,163,
7,9,19,21,79,81,91,93,20,80,90,94,104,164,
92,94,104,106,164,166,176,178,21,81,91,95,105,165,
9,11,21,23,81,83,93,95,22,82,92,106,166,84,
94,106,166,178,84,96,156,168,23,83,93,107,167,85,
23,35,95,107,13,25,85,97,106,24,84,98,108,168,
96,98,108,110,168,170,180,182,107,25,85,99,109,169,
13,15,25,27,85,87,97,99,26,86,96,100,110,170,
98,100,110,112,170,172,182,184,27,87,97,101,111,171,
15,17,27,29,87,89,99,101,28,88,98,102,112,172,
100,102,112,114,172,174,184,186,29,89,99,103,113,173,
17,19,29,31,89,91,101,103,30,90,100,104,114,174,
102,104,114,116,174,176,186,188,31,91,101,105,115,175,
19,21,31,33,91,93,103,105,32,92,102,106,116,176,
104,106,116,118,176,178,188,190,33,93,103,107,117,177,
21,23,33,35,93,95,105,107,34,94,104,118,178,96,
106,118,178,190,96,108,168,180,35,95,105,119,179,97,
35,47,107,119,25,37,97,109,118,36,96,110,120,180,
108,110,120,122,180,182,192,194,119,37,97,111,121,181,
25,27,37,39,97,99,109,111,38,98,108,112,122,182,
110,112,122,124,182,184,194,196,39,99,109,113,123,183,
27,29,39,41,99,101,111,113,40,100,110,114,124,184,
112,114,124,126,184,186,196,198,41,101,111,115,125,185,
29,31,41,43,101,103,113,115,42,102,112,116,126,186,
114,116,126,128,186,188,198,200,43,103,113,117,127,187,
31,33,43,45,103,105,115,117,44,104,114,118,128,188,
116,118,128,130,188,190,200,202,45,105,115,119,129,189,
33,35,45,47,105,107,117,119,46,106,116,130,190,108,
118,130,190,202,108,120,180,192,47,107,117,131,191,109,
47,59,119,131,37,49,109,121,130,48,108,122,132,192,
120,122,132,134,192,194,204,206,131,49,109,123,133,193,
37,39,49,51,109,111,121,123,50,110,120,124,134,194,
122,124,134,136,194,196,206,208,51,111,121,125,135,195,
39,41,51,53,111,113,123,125,52,112,122,126,136,196,
124,126,136,138,196,198,208,210,53,113,123,127,137,197,
41,43,53,55,113,115,125,127,54,114,124,128,138,198,
126,128,138,140,198,200,210,212,55,115,125,129,139,199,
43,45,55,57,115,117,127,129,56,116,126,130,140,200,
128,130,140,142,200,202,212,214,57,117,127,131,141,201,
45,47,57,59,117,119,129,131,58,118,128,142,202,120,
130,142,202,214,120,132,192,204,59,119,129,143,203,121,
59,71,131,143,49,61,121,133,142,60,120,134,204,72,
132,134,204,206,72,74,144,146,143,61,121,135,205,73,
49,51,61,63,121,123,133,135,62,122,132,136,206,74,
134,136,206,208,74,76,146,148,63,123,133,137,207,75,
51,53,63,65,123,125,135,137,64,124,134,138,208,76,
136,138,208,210,76,78,148,150,65,125,135,139,209,77,
53,55,65,67,125,127,137,139,66,126,136,140,210,78,
138,140,210,212,78,80,150,152,67,127,137,141,211,79,
55,57,67,69,127,129,139,141,68,128,138,142,212,80,
140,142,212,214,80,82,152,154,69,129,139,143,213,81,
57,59,69,71,129,131,141,143,70,130,140,214,132,82,
142,214,132,204,82,154,72,144,71,131,141,215,133,83,
143,215,133,205,83,155,73,145,204,154,72,146,156,216,
144,146,156,158,216,218,228,230,205,155,73,147,157,217,
133,135,205,207,73,75,145,147,206,74,144,148,158,218,
146,148,158,160,218,220,230,232,207,75,145,149,159,219,
135,137,207,209,75,77,147,149,208,76,146,150,160,220,
148,150,160,162,220,222,232,234,209,77,147,151,161,221,
137,139,209,211,77,79,149,151,210,78,148,152,162,222,
150,152,162,164,222,224,234,236,211,79,149,153,163,223,
139,141,211,213,79,81,151,153,212,80,150,154,164,224,
152,154,164,166,224,226,236,238,213,81,151,155,165,225,
141,143,213,215,81,83,153,155,214,82,152,166,226,144,
154,166,226,238,144,156,216,228,215,83,153,167,227,145,
83,95,155,167,73,85,145,157,166,84,144,158,168,228,
156,158,168,170,228,230,240,242,167,85,145,159,169,229,
73,75,85,87,145,147,157,159,86,146,156,160,170,230,
158,160,170,172,230,232,242,244,87,147,157,161,171,231,
75,77,87,89,147,149,159,161,88,148,158,162,172,232,
160,162,172,174,232,234,244,246,89,149,159,163,173,233,
77,79,89,91,149,151,161,163,90,150,160,164,174,234,
162,164,174,176,234,236,246,248,91,151,161,165,175,235,
79,81,91,93,151,153,163,165,92,152,162,166,176,236,
164,166,176,178,236,238,248,250,93,153,163,167,177,237,
81,83,93,95,153,155,165,167,94,154,164,178,238,156,
166,178,238,250,156,168,228,240,95,155,165,179,239,157,
95,107,167,179,85,97,157,169,178,96,156,170,180,240,
168,170,180,182,240,242,252,254,179,97,157,171,181,241,
85,87,97,99,157,159,169,171,98,158,168,172,182,242,
170,172,182,184,242,244,254,256,99,159,169,173,183,243,
87,89,99,101,159,161,171,173,100,160,170,174,184,244,
172,174,184,186,244,246,256,258,101,161,171,175,185,245,
89,91,101,103,161,163,173,175,102,162,172,176,186,246,
174,176,186,188,246,248,258,260,103,163,173,177,187,247,
91,93,103,105,163,165,175,177,104,164,174,178,188,248,
176,178,188,190,248,250,260,262,105,165,175,179,189,249,
93,95,105,107,165,167,177,179,106,166,176,190,250,168,
178,190,250,262,168,180,240,252,107,167,177,191,251,169,
107,119,179,191,97,109,169,181,190,108,168,182,192,252,
180,182,192,194,252,254,264,266,191,109,169,183,193,253,
97,99,109,111,169,171,181,183,110,170,180,184,194,254,
182,184,194,196,254,256,266,268,111,171,181,185,195,255,
99,101,111,113,171,173,183,185,112,172,182,186,196,256,
184,186,196,198,256,258,268,270,113,173,183,187,197,257,
101,103,113,115,173,175,185,187,114,174,184,188,198,258,
186,188,198,200,258,260,270,272,115,175,185,189,199,259,
103,105,115,117,175,177,187,189,116,176,186,190,200,260,
188,190,200,202,260,262,272,274,117,177,187,191,201,261,
105,107,117,119,177,179,189,191,118,178,188,202,262,180,
190,202,262,274,180,192,252,264,119,179,189,203,263,181,
119,131,191,203,109,121,181,193,202,120,180,194,204,264,
192,194,204,206,264,266,276,278,203,121,181,195,205,265,
109,111,121,123,181,183,193,195,122,182,192,196,206,266,
194,196,206,208,266,268,278,280,123,183,193,197,207,267,
111,113,123,125,183,185,195,197,124,184,194,198,208,268,
196,198,208,210,268,270,280,282,125,185,195,199,209,269,
113,115,125,127,185,187,197,199,126,186,196,200,210,270,
198,200,210,212,270,272,282,284,127,187,197,201,211,271,
115,117,127,129,187,189,199,201,128,188,198,202,212,272,
200,202,212,214,272,274,284,286,129,189,199,203,213,273,
117,119,129,131,189,191,201,203,130,190,200,214,274,192,
202,214,274,286,192,204,264,276,131,191,201,215,275,193,
131,143,203,215,121,133,193,205,214,132,192,206,276,144,
204,206,276,278,144,146,216,218,215,133,193,207,277,145,
121,123,133,135,193,195,205,207,134,194,204,208,278,146,
206,208,278,280,146,148,218,220,135,195,205,209,279,147,
123,125,135,137,195,197,207,209,136,196,206,210,280,148,
208,210,280,282,148,150,220,222,137,197,207,211,281,149,
125,127,137,139,197,199,209,211,138,198,208,212,282,150,
210,212,282,284,150,152,222,224,139,199,209,213,283,151,
127,129,139,141,199,201,211,213,140,200,210,214,284,152,
212,214,284,286,152,154,224,226,141,201,211,215,285,153,
129,131,141,143,201,203,213,215,142,202,212,286,204,154,
214,286,204,276,154,226,144,216,143,203,213,287,205,155,
215,287,205,277,155,227,145,217,276,226,144,218,228,288,
216,218,228,230,288,290,300,302,277,227,145,219,229,289,
205,207,277,279,145,147,217,219,278,146,216,220,230,290,
218,220,230,232,290,292,302,304,279,147,217,221,231,291,
207,209,279,281,147,149,219,221,280,148,218,222,232,292,
220,222,232,234,292,294,304,306,281,149,219,223,233,293,
209,211,281,283,149,151,221,223,282,150,220,224,234,294,
222,224,234,236,294,296,306,308,283,151,221,225,235,295,
211,213,283,285,151,153,223,225,284,152,222,226,236,296,
224,226,236,238,296,298,308,310,285,153,223,227,237,297,
213,215,285,287,153,155,225,227,286,154,224,238,298,216,
226,238,298,310,216,228,288,300,287,155,225,239,299,217,
155,167,227,239,145,157,217,229,238,156,216,230,240,300,
228,230,240,242,300,302,312,314,239,157,217,231,241,301,
145,147,157,159,217,219,229,231,158,218,228,232,242,302,
230,232,242,244,302,304,314,316,159,219,229,233,243,303,
147,149,159,161,219,221,231,233,160,220,230,234,244,304,
232,234,244,246,304,306,316,318,161,221,231,235,245,305,
149,151,161,163,221,223,233,235,162,222,232,236,246,306,
234,236,246,248,306,308,318,320,163,223,233,237,247,307,
151,153,163,165,223,225,235,237,164,224,234,238,248,308,
236,238,248,250,308,310,320,322,165,225,235,239,249,309,
153,155,165,167,225,227,237,239,166,226,236,250,310,228,
238,250,310,322,228,240,300,312,167,227,237,251,311,229,
167,179,239,251,157,169,229,241,250,168,228,242,252,312,
240,242,252,254,312,314,324,326,251,169,229,243,253,313,
157,159,169,171,229,231,241,243,170,230,240,244,254,314,
242,244,254,256,314,316,326,328,171,231,241,245,255,315,
159,161,171,173,231,233,243,245,172,232,242,246,256,316,
244,246,256,258,316,318,328,330,173,233,243,247,257,317,
161,163,173,175,233,235,245,247,174,234,244,248,258,318,
246,248,258,260,318,320,330,332,175,235,245,249,259,319,
163,165,175,177,235,237,247,249,176,236,246,250,260,320,
248,250,260,262,320,322,332,334,177,237,247,251,261,321,
165,167,177,179,237,239,249,251,178,238,248,262,322,240,
250,262,322,334,240,252,312,324,179,239,249,263,323,241,
179,191,251,263,169,181,241,253,262,180,240,254,264,324,
252,254,264,266,324,326,336,338,263,181,241,255,265,325,
169,171,181,183,241,243,253,255,182,242,252,256,266,326,
254,256,266,268,326,328,338,340,183,243,253,257,267,327,
171,173,183,185,243,245,255,257,184,244,254,258,268,328,
256,258,268,270,328,330,340,342,185,245,255,259,269,329,
173,175,185,187,245,247,257,259,186,246,256,260,270,330,
258,260,270,272,330,332,342,344,187,247,257,261,271,331,
175,177,187,189,247,249,259,261,188,248,258,262,272,332,
260,262,272,274,332,334,344,346,189,249,259,263,273,333,
177,179,189,191,249,251,261,263,190,250,260,274,334,252,
262,274,334,346,252,264,324,336,191,251,261,275,335,253,
191,203,263,275,181,193,253,265,274,192,252,266,276,336,
264,266,276,278,336,338,348,350,275,193,253,267,277,337,
181,183,193,195,253,255,265,267,194,254,264,268,278,338,
266,268,278,280,338,340,350,352,195,255,265,269,279,339,
183,185,195,197,255,257,267,269,196,256,266,270,280,340,
268,270,280,282,340,342,352,354,197,257,267,271,281,341,
185,187,197,199,257,259,269,271,198,258,268,272,282,342,
270,272,282,284,342,344,354,356,199,259,269,273,283,343,
187,189,199,201,259,261,271,273,200,260,270,274,284,344,
272,274,284,286,344,346,356,358,201,261,271,275,285,345,
189,191,201,203,261,263,273,275,202,262,272,286,346,264,
274,286,346,358,264,276,336,348,203,263,273,287,347,265,
203,215,275,287,193,205,265,277,286,204,264,278,348,216,
276,278,348,350,216,218,288,290,287,205,265,279,349,217,
193,195,205,207,265,267,277,279,206,266,276,280,350,218,
278,280,350,352,218,220,290,292,207,267,277,281,351,219,
195,197,207,209,267,269,279,281,208,268,278,282,352,220,
280,282,352,354,220,222,292,294,209,269,279,283,353,221,
197,199,209,211,269,271,281,283,210,270,280,284,354,222,
282,284,354,356,222,224,294,296,211,271,281,285,355,223,
199,201,211,213,271,273,283,285,212,272,282,286,356,224,
284,286,356,358,224,226,296,298,213,273,283,287,357,225,
201,203,213,215,273,275,285,287,214,274,284,358,276,226,
286,358,276,348,226,298,216,288,215,275,285,359,277,227,
287,359,277,349,227,299,217,289,348,298,216,290,300,360,
288,290,300,302,360,362,372,374,349,299,217,291,301,361,
277,279,349,351,217,219,289,291,350,218,288,292,302,362,
290,292,302,304,362,364,374,376,351,219,289,293,303,363,
279,281,351,353,219,221,291,293,352,220,290,294,304,364,
292,294,304,306,364,366,376,378,353,221,291,295,305,365,
281,283,353,355,221,223,293,295,354,222,292,296,306,366,
294,296,306,308,366,368,378,380,355,223,293,297,307,367,
283,285,355,357,223,225,295,297,356,224,294,298,308,368,
296,298,308,310,368,370,380,382,357,225,295,299,309,369,
285,287,357,359,225,227,297,299,358,226,296,310,370,288,
298,310,370,382,288,300,360,372,359,227,297,311,371,289,
227,239,299,311,217,229,289,301,310,228,288,302,312,372,
300,302,312,314,372,374,384,386,311,229,289,303,313,373,
217,219,229,231,289,291,301,303,230,290,300,304,314,374,
302,304,314,316,374,376,386,388,231,291,301,305,315,375,
219,221,231,233,291,293,303,305,232,292,302,306,316,376,
304,306,316,318,376,378,388,390,233,293,303,307,317,377,
221,223,233,235,293,295,305,307,234,294,304,308,318,378,
306,308,318,320,378,380,390,392,235,295,305,309,319,379,
223,225,235,237,295,297,307,309,236,296,306,310,320,380,
308,310,320,322,380,382,392,394,237,297,307,311,321,381,
225,227,237,239,297,299,309,311,238,298,308,322,382,300,
310,322,382,394,300,312,372,384,239,299,309,323,383,301,
239,251,311,323,229,241,301,313,322,240,300,314,324,384,
312,314,324,326,384,386,396,398,323,241,301,315,325,385,
229,231,241,243,301,303,313,315,242,302,312,316,326,386,
314,316,326,328,386,388,398,400,243,303,313,317,327,387,
231,233,243,245,303,305,315,317,244,304,314,318,328,388,
316,318,328,330,388,390,400,402,245,305,315,319,329,389,
233,235,245,247,305,307,317,319,246,306,316,320,330,390,
318,320,330,332,390,392,402,404,247,307,317,321,331,391,
235,237,247,249,307,309,319,321,248,308,318,322,332,392,
320,322,332,334,392,394,404,406,249,309,319,323,333,393,
237,239,249,251,309,311,321,323,250,310,320,334,394,312,
322,334,394,406,312,324,384,396,251,311,321,335,395,313,
251,263,323,335,241,253,313,325,334,252,312,326,336,396,
324,326,336,338,396,398,408,410,335,253,313,327,337,397,
241,243,253,255,313,315,325,327,254,314,324,328,338,398,
326,328,338,340,398,400,410,412,255,315,325,329,339,399,
243,245,255,257,315,317,327,329,256,316,326,330,340,400,
328,330,340,342,400,402,412,414,257,317,327,331,341,401,
245,247,257,259,317,319,329,331,258,318,328,332,342,402,
330,332,342,344,402,404,414,416,259,319,329,333,343,403,
247,249,259,261,319,321,331,333,260,320,330,334,344,404,
332,334,344,346,404,406,416,418,261,321,331,335,345,405,
249,251,261,263,321,323,333,335,262,322,332,346,406,324,
334,346,406,418,324,336,396,408,263,323,333,347,407,325,
263,275,335,347,253,265,325,337,346,264,324,338,348,408,
336,338,348,350,408,410,420,422,347,265,325,339,349,409,
253,255,265,267,325,327,337,339,266,326,336,340,350,410,
338,340,350,352,410,412,422,424,267,327,337,341,351,411,
255,257,267,269,327,329,339,341,268,328,338,342,352,412,
340,342,352,354,412,414,424,426,269,329,339,343,353,413,
257,259,269,271,329,331,341,343,270,330,340,344,354,414,
342,344,354,356,414,416,426,428,271,331,341,345,355,415,
259,261,271,273,331,333,343,345,272,332,342,346,356,416,
344,346,356,358,416,418,428,430,273,333,343,347,357,417,
261,263,273,275,333,335,345,347,274,334,344,358,418,336,
346,358,418,430,336,348,408,420,275,335,345,359,419,337,
275,287,347,359,265,277,337,349,358,276,336,350,420,288,
348,350,420,422,288,290,360,362,359,277,337,351,421,289,
265,267,277,279,337,339,349,351,278,338,348,352,422,290,
350,352,422,424,290,292,362,364,279,339,349,353,423,291,
267,269,279,281,339,341,351,353,280,340,350,354,424,292,
352,354,424,426,292,294,364,366,281,341,351,355,425,293,
269,271,281,283,341,343,353,355,282,342,352,356,426,294,
354,356,426,428,294,296,366,368,283,343,353,357,427,295,
271,273,283,285,343,345,355,357,284,344,354,358,428,296,
356,358,428,430,296,298,368,370,285,345,355,359,429,297,
273,275,285,287,345,347,357,359,286,346,356,430,348,298,
358,430,348,420,298,370,288,360,287,347,357,431,349,299,
359,431,349,421,299,371,289,361,420,370,288,362,372,0,
360,362,372,374,0,2,12,14,421,371,289,363,373,1,
349,351,421,423,289,291,361,363,422,290,360,364,374,2,
362,364,374,376,2,4,14,16,423,291,361,365,375,3,
351,353,423,425,291,293,363,365,424,292,362,366,376,4,
364,366,376,378,4,6,16,18,425,293,363,367,377,5,
353,355,425,427,293,295,365,367,426,294,364,368,378,6,
366,368,378,380,6,8,18,20,427,295,365,369,379,7,
355,357,427,429,295,297,367,369,428,296,366,370,380,8,
368,370,380,382,8,10,20,22,429,297,367,371,381,9,
357,359,429,431,297,299,369,371,430,298,368,382,360,10,
370,382,360,372,10,22,0,12,431,299,369,383,361,11,
299,311,371,383,289,301,361,373,382,300,360,374,384,12,
372,374,384,386,12,14,24,26,383,301,361,375,385,13,
289,291,301,303,361,363,373,375,302,362,372,376,386,14,
374,376,386,388,14,16,26,28,303,363,373,377,387,15,
291,293,303,305,363,365,375,377,304,364,374,378,388,16,
376,378,388,390,16,18,28,30,305,365,375,379,389,17,
293,295,305,307,365,367,377,379,306,366,376,380,390,18,
378,380,390,392,18,20,30,32,307,367,377,381,391,19,
295,297,307,309,367,369,379,381,308,368,378,382,392,20,
380,382,392,394,20,22,32,34,309,369,379,383,393,21,
297,299,309,311,369,371,381,383,310,370,380,394,372,22,
382,394,372,384,22,34,12,24,311,371,381,395,373,23,
311,323,383,395,301,313,373,385,394,312,372,386,396,24,
384,386,396,398,24,26,36,38,395,313,373,387,397,25,
301,303,313,315,373,375,385,387,314,374,384,388,398,26,
386,388,398,400,26,28,38,40,315,375,385,389,399,27,
303,305,315,317,375,377,387,389,316,376,386,390,400,28,
388,390,400,402,28,30,40,42,317,377,387,391,401,29,
305,307,317,319,377,379,389,391,318,378,388,392,402,30,
390,392,402,404,30,32,42,44,319,379,389,393,403,31,
307,309,319,321,379,381,391,393,320,380,390,394,404,32,
392,394,404,406,32,34,44,46,321,381,391,395,405,33,
309,311,321,323,381,383,393,395,322,382,392,406,384,34,
394,406,384,396,34,46,24,36,323,383,393,407,385,35,
323,335,395,407,313,325,385,397,406,324,384,398,408,36,
396,398,408,410,36,38,48,50,407,325,385,399,409,37,
313,315,325,327,385,387,397,399,326,386,396,400,410,38,
398,400,410,412,38,40,50,52,327,387,397,401,411,39,
315,317,327,329,387,389,399,401,328,388,398,402,412,40,
400,402,412,414,40,42,52,54,329,389,399,403,413,41,
317,319,329,331,389,391,401,403,330,390,400,404,414,42,
402,404,414,416,42,44,54,56,331,391,401,405,415,43,
319,321,331,333,391,393,403,405,332,392,402,406,416,44,
404,406,416,418,44,46,56,58,333,393,403,407,417,45,
321,323,333,335,393,395,405,407,334,394,404,418,396,46,
406,418,396,408,46,58,36,48,335,395,405,419,397,47,
335,347,407,419,325,337,397,409,418,336,396,410,420,48,
408,410,420,422,48,50,60,62,419,337,397,411,421,49,
325,327,337,339,397,399,409,411,338,398,408,412,422,50,
410,412,422,424,50,52,62,64,339,399,409,413,423,51,
327,329,339,341,399,401,411,413,340,400,410,414,424,52,
412,414,424,426,52,54,64,66,341,401,411,415,425,53,
329,331,341,343,401,403,413,415,342,402,412,416,426,54,
414,416,426,428,54,56,66,68,343,403,413,417,427,55,
331,333,343,345,403,405,415,417,344,404,414,418,428,56,
416,418,428,430,56,58,68,70,345,405,415,419,429,57,
333,335,345,347,405,407,417,419,346,406,416,430,408,58,
418,430,408,420,58,70,48,60,347,407,417,431,409,59,
347,359,419,431,337,349,409,421,430,348,408,422,360,60,
420,422,360,362,60,62,0,2,431,349,409,423,361,61,
337,339,349,351,409,411,421,423,350,410,420,424,362,62,
422,424,362,364,62,64,2,4,351,411,421,425,363,63,
339,341,351,353,411,413,423,425,352,412,422,426,364,64,
424,426,364,366,64,66,4,6,353,413,423,427,365,65,
341,343,353,355,413,415,425,427,354,414,424,428,366,66,
426,428,366,368,66,68,6,8,355,415,425,429,367,67,
343,345,355,357,415,417,427,429,356,416,426,430,368,68,
428,430,368,370,68,70,8,10,357,417,427,431,369,69,
345,347,357,359,417,419,429,431,358,418,428,420,370,70,
430,420,370,360,70,60,10,0,359,419,429,421,371,71,
